
timeThre: 300.0   distThre: 2.0
info_option: 1
Training time is: 325.688
Geo information is: [(40.743122, -73.980509), (40.755816, -73.987642), (40.765302, -74.087007), (40.756299, -74.038048), (40.742859, -73.976249), (40.747319, -73.987385), (40.767517, -73.957664), (40.738640, -73.977484), (40.733037, -73.979430), (40.743728, -73.974855), (40.745960, -73.978442), (40.774063, -73.960653), (40.747792, -73.987638), (40.729396, -73.980610), (40.745060, -73.995417), ]
Estimated Kappa and Mean is: 
77.3641913936046 25.709023552632566 151.9783115001805 101.55502803212391 35.05886232931669 46.39459308477474 107.09131218297097 56.89072687942835 26.15259160662086 34.18836923678679 56.30263075910276 53.58486319451363 48.22447576622648 29.795055999871376 22.956241679894163 
0.12393560072800275 0.0826663829295189 0.017277591019700545 0.05862460833265054 0.0499100166288831 0.08927209784966936 0.016732204877970187 0.05012309989683432 0.006770759864238793 0.10696502327623295 0.06351510127637182 0.029710680108687503 0.08554749900086377 0.09808040236836378 0.12086893184198956 
0.4719357003079206 0.008769089077681261 3.433962904241098E-18 3.554162962251173E-101 0.02614320048698051 0.014444708907521685 0.004838347294778613 0.03175486418187623 0.010282639951827694 0.03871821931986612 0.06962720480718497 0.010190866570927845 0.05699828501099947 0.029646537313333398 0.2266503367693039 
0.020202596739962053 0.659247041418014 2.1489852959771923E-11 0.0 0.020260273241601436 0.0 0.010782864443073203 0.04364022223777921 0.0 0.023557126296021986 0.0 0.0 0.1465115538217807 0.06337006990730956 0.01242825187312911 
9.444287677739154E-4 4.3368183959642796E-17 0.8921652130692035 0.0887166608328693 0.0 0.0 3.5123550856749444E-36 4.418149509295127E-43 2.1059248546434987E-68 0.017721577503734428 0.0 1.2633266770162542E-25 1.2767364855424807E-19 5.050775107605816E-6 4.4706905132107963E-4 
5.042216227712453E-67 5.304662670446387E-4 0.016048353194464633 0.958977338498083 2.986054227422696E-4 0.0015449099105698963 1.0774006748241639E-271 7.251897145187609E-29 7.364200250218684E-115 0.02142641975369975 0.0011739069534225158 8.967489843303657E-81 1.243750570898563E-143 0.0 3.811842566369767E-22 
0.04449716190265236 0.03168730021750601 6.88979190557692E-39 9.277084968690229E-4 0.5965143318443223 0.0567807574131838 0.007026666044084079 0.0604325194741044 0.0 0.02166253269514316 0.06951247888874866 0.0 0.08203464154486201 0.0 0.028923901478811468 
0.010491906427761792 0.114920252410006 2.6855233271915818E-5 1.1090192728987328E-6 0.017824864771641146 0.5434488665886968 0.011921145405751048 0.07195875420980188 0.0 0.07366583093494845 0.0 0.0 0.06602123040887867 0.08221282735960647 0.007506357230565979 
0.04634573725306105 0.02807216332695206 1.1135234384488222E-84 3.9868503984014856E-197 0.005450020539250423 0.04989368681633342 0.62003013537791 0.022124440471620484 0.0 0.06207395793145696 0.014305159233064328 0.0 0.015209328625825042 0.04024472453497998 0.0962506458895585 
0.08480624329230499 0.09164041796074733 9.071232149294452E-17 0.0 0.03940608056692009 0.0 0.006803239831226472 0.33793570732520334 0.0 0.0584800618021242 0.0 0.0 0.10299140935384078 0.1978781731432424 0.08005866672461721 
0.08613030631534262 0.0 0.0 1.6843140769943429E-25 6.160212472263094E-17 0.0 0.023729044618575296 0.0 0.8097052642906766 0.024593930933347115 0.028769004958821075 0.02707244888324881 0.0 0.0 0.0 
0.04246416802168801 0.02147462050235845 0.0019907911651467405 0.00794954732931122 0.009961009190009333 0.10677130300943885 0.012595520154036713 0.042701704945777574 0.0039184455922590565 0.6045935082760371 0.027539664066764 0.011539232062388764 0.014237154893222562 0.028933862819400413 0.06332946797256535 
0.1531294390494306 0.061135501045033486 0.0 0.0014439085051716355 0.05679400564372555 0.02793591374387688 0.007814467679000585 0.023926765016099215 0.0 0.028376669305853475 0.6346942813244287 0.004749048687559087 0.0 0.0 0.0 
0.06751830783227815 0.0 0.0 6.397277477534515E-73 0.012844034924390346 0.0 0.027979602191654865 0.0 0.03501949717968845 0.04092122328657628 0.018289897548433586 0.7974274370371006 0.0 0.0 0.0 
0.1112078924060177 0.14803413588066866 9.431271500914451E-36 0.0 0.0 0.0 0.0 0.06351596799864177 0.0228479504451525 0.01652236351197977 0.0 0.007882520085030258 0.45660604081517164 0.14193487335717195 0.03144825550037477 
0.04502249650875875 0.0 1.1150288767756694E-31 2.1097009706368334E-9 0.0 0.0 0.0 0.0 0.0801781421303252 0.0 0.0 0.009782712317083336 0.09277237403585661 0.7335802781247178 0.03866399477368895 
0.23331315920438125 0.011056569413356471 1.4513950653617105E-4 3.987311451675978E-9 0.0 0.0 0.0 0.025186509257926565 0.010080795605200586 0.03832498090393506 0.0 0.014234392110130207 0.015156201484444121 0.018739945089405064 0.6337623034376034 
-0.07630261921396192 0.0629522613268876 -0.46816622968877153 0.04577073266063685 0.1859012638064529 -0.2448506526058913 -0.011657825387081086 -0.44559297862386593 -0.10667743941719333 -0.17301794454932512 0.06257176876236303 -0.027254348334711895 -0.1436158108711833 -0.12394563838431995 -0.22396541001389314 0.12616409105959342 0.09369244678585824 -0.39129624654940703 -0.014465448484134091 0.015860667000426234 0.10240467473527322 -0.03693257179790695 0.1028854149921095 -0.021600459537629884 0.2305580353294971 -0.08044339079434663 0.04861219706832757 -0.24027257561784254 0.07191889248142351 0.13248362504430197 
-0.07592457425913603 0.023523054875249867 -0.21181788877216629 -0.010480945646861832 0.28015625403411004 -0.2077421454273183 -0.22404750120091585 -0.3036646562356524 -0.3175164743151149 0.11492108206389358 0.07594979615008467 -0.254901089158763 0.12278005707233898 -0.12918345398303285 -0.10984621621832916 0.23674767948008396 0.2384394631976814 -0.24618819372858033 -0.06741767959956774 -0.22624545042060365 0.002424974838852639 0.22348078763356416 0.1269244179926631 -0.22310985939991512 -0.011582713944753771 -0.17214837779746206 0.11268794476874265 -0.03150867668985552 -0.22152305231914807 -0.13579982266594562 
-0.2848236028520263 0.10240446169755016 0.06960652618525948 -0.1680227534148387 0.05021015401483999 -0.2775688096187601 -0.1528561968085444 0.06204031526145372 0.11204350388585815 0.036702639944501056 -0.009207021017550812 -0.15623093061125684 -0.11096416023710397 -0.39592808391508943 -0.1029002199634537 0.36155128976592554 -0.27789770867577623 -0.03302189379130431 -0.08486856074622372 0.07307502305289462 -0.12908832697893263 0.07145309206080026 0.06466939276338897 -0.11874855683543026 -0.14264850008286425 -0.04296903808237326 0.06025278854255973 -0.4962394989504314 -0.05314369736357427 -0.11808002077337754 
-0.21225852500503778 -0.002742481669339283 -0.044073892134878105 -0.053401471386646845 -0.04448202601153599 -0.28285576438000365 -0.0757454498088119 -0.11998775341323768 0.14291153418829874 -0.043049342959861125 0.06717910897034532 -0.1214656755470883 0.03807396150433686 -0.1815463348822854 -0.22163954461555327 0.4067070720368997 -0.146117434520407 0.2727947190102922 -0.10127981886472441 -0.025733906279016276 -0.32559213009082816 0.22341041961517952 0.18921842808696557 -0.07725595800405131 -0.038354700398451375 -0.012836090652561484 0.06076030442076973 -0.42227529349998455 -0.06704719600229676 -0.2549818048604703 
-0.005206314467804221 -0.2568977875611403 0.02578872587329355 -0.24567626213896177 0.19954767486948116 -0.1400157806165123 -0.06014752150230188 -0.4127314708275605 -0.20553081369448276 -0.21411468092529073 0.20223261826866656 0.07905546709268407 -0.03126060437821314 -0.2945899434792947 -8.190106621332369E-4 0.16245170647694326 0.21984719757850765 -0.1560414606243457 0.10134212919802106 -0.4440301317832789 -0.14501903102832062 0.13708206615569926 -0.024501044966196567 0.0014290583357816195 0.14703357668241399 -0.024547948331419978 0.05749109623662644 -0.11559610201766383 -0.1633014721731793 -0.06389643873799034 
-0.09175025751541947 0.149581780866987 -0.008622845290221242 -0.08147323969317453 0.05853941391580519 -0.317436719546546 -0.13255987983995612 -0.3405395567197938 -0.20706101624486645 0.09390300036294871 -0.01943222189115583 -0.1684271581788348 0.2935387412887903 0.07835284958400586 -0.13257390696627477 0.056932141243410846 0.18983992025664437 -0.12306752901960206 -0.15200149317227335 -0.1232038506611036 -0.11125529019675422 0.17749490576922142 0.08463834625452216 -0.26123774253170523 -0.27626583239623215 -0.1352827686922617 -0.018894929804207237 -0.27565334138177133 -0.3323815375189526 -0.20248731980433618 
0.16058056407292304 0.1031624932417658 0.30478577578611016 -0.09685740831026024 0.2701602267648516 -0.3518325145516755 0.03880977904277967 0.25315479600118007 -0.2013771962728359 0.02349936374485629 -0.02948820491769038 -0.1616247378282965 0.23417427057190757 -0.05375919118654106 -0.24511222819030157 0.21894957864494902 0.04211657784886075 -0.215920243698318 0.13207733637560276 -0.273947827579092 -0.32429984182615285 -0.021392628431423526 0.14434553404454042 -0.01954369051510672 0.030551446983349242 -0.0864546105184588 -0.20161262009349473 -0.009015049513318248 0.16736351693201917 0.14214675994918957 
0.19002838715062667 0.34228121980939036 -0.016845790804937963 -0.0974675987964104 0.07060164170766033 -0.2818580136752459 0.05964367971660434 -0.41918699092187456 -0.13343541616416088 0.0421646029757118 0.27720488893278594 0.03002968211920203 -0.034607586281067464 0.054380352694655895 0.3134270179074815 0.2821795223877101 0.04114893693491894 -0.23871228725981342 -0.18666491161554832 -0.19101214853366147 -0.10023269029028643 0.09416601574628992 -0.01904131938734374 0.051750763345149456 -0.0749974983755683 -0.05276657441124747 -0.29571274805113473 -0.20194214808458621 -0.06791179721279961 0.02632821567195638 
-0.11428873742979415 0.01772768193271217 -0.10795058506746479 -0.13198107348644733 0.27536606183370477 -0.2499308143806771 0.011597460868498539 -0.44354928512389774 -0.2874607247473094 0.10980108220995925 -0.0391897046067497 -0.19873452554327375 0.013016185319426221 0.03234176537234724 -0.07784701348170252 0.13174008607579302 0.18413197038982215 -0.3457991348478568 0.005285341231326563 -0.24125339026325512 -0.18708732426177585 0.3157223843146947 -0.11839578179914262 -0.06259051161208218 -0.09311535050613516 -0.09373016266398945 -0.018583573341416887 -0.2172583517610722 -0.15074560659974434 -0.09990070439546049 
-0.1552758233750907 0.1433832435429115 -0.04839586301806808 -0.12872335896044243 0.03145487811036358 -0.35993700031135967 -0.06885219547360591 -0.2162673764077218 -0.2524842102631519 -0.004666904000501482 -0.0272499914226341 -0.18052316035600877 0.06174192391119125 0.04586378089091732 -0.2662608436455634 0.08175151635884932 0.019666288689763802 -0.13146152273888806 -0.08262690489009557 -0.1483278542600859 -0.034392866553634285 0.10438499087176457 -0.002216338992896815 -0.11536486216074696 -0.2429222264260418 -0.06384481280783323 -0.18345934950417742 -0.5254692131985755 -0.23344008457271928 -0.27298431493667447 
-0.22466100393322164 -0.009536257715295707 -0.31970847381233414 -0.05556392419867054 0.1943929625499608 -0.3694493173604655 -0.048053925982354716 -0.36994574749511616 0.04261790172520803 -0.10576174387563485 0.10826283704670638 -0.09961149023943072 0.047724202212677876 -0.1686647138339328 -0.2454415131102504 0.3629607504881132 0.2329606459003427 -0.0486842053328089 0.01709973769579062 -0.07192626690607638 0.23395051516042378 -0.036380274348112675 0.1856861638502605 -0.04982810684482377 0.27640105873011195 0.13552725035932822 0.061809306964700286 -0.12033659018089347 0.06981791963523769 0.016323465255203985 
-0.20370386958692524 -0.08461807727828961 -0.07544826469230426 -0.13639572454354915 0.10112980716387238 -0.12408037027082605 -0.01721699227857414 -0.28209757414439024 -0.22321720788073546 0.1372351048833256 0.06702837622507826 -0.3543348639435884 -0.029970103125585457 0.17154065432612703 0.053513490066978205 0.22267694392349288 0.005800019307825053 -0.44387489630786353 0.3219109106713143 -0.19761956017495408 -0.20115630748354038 0.20257186830515625 -0.20034797698533466 -0.021040212195955282 -0.08553193606015787 0.009636337135882769 -0.11152010446902864 -0.13130807717704293 0.19767189409036268 -0.045715622058142155 
-0.08623097241583978 0.09513521424304981 -0.4399517079533726 -0.009910100740833446 0.23837619513613267 -0.21674579059150456 0.006123526379113602 -0.4814995646759754 -0.17043553634217573 -0.12475575168766403 0.10006958230454173 -0.047289362222891464 -0.048648101458310854 -0.13323610841814115 -0.13057116815371295 0.1503117470172344 0.153542591585932 -0.4070024903005443 -0.0014993370740082018 -0.06693425678987841 0.037413730158210486 0.05359341984482203 0.08226419711887284 -0.12312849955689292 0.20779903457338708 -0.08205728689154113 0.033840871792532486 -0.25224282833216877 -0.045640977112654406 0.0295912917104967 
-0.07234163564870347 0.10131437077579154 -0.002006316344115765 -0.20854182325586723 0.2671179423674742 -0.2934871142839049 0.12781809463957386 -0.394397077230702 -0.3038809940550036 0.03797003960412518 -0.012057175814764735 -0.06857271794607649 0.08025585215026983 -0.001961285024236212 -0.03264938834146512 0.03069547906660302 0.17418967228019017 -0.24401789286048742 -0.057508509052536065 -0.17284579906689598 -0.15453314875804808 0.31571044085071365 -0.015660125044400144 -0.08624387454767429 -0.061726511482187836 -0.10100536320605098 -0.08789072738041731 -0.2774142025496511 -0.2810818043875388 -0.2693325222306309 
-0.04366066665614668 0.0060220032484133825 -0.3899603711446126 0.012485570504181325 0.30578149766074847 -0.29919043238336657 -0.022950993044073498 -0.3489229691447972 -0.18435651899452335 -0.014199918013592919 0.15241604777805456 -0.18388462140825135 -0.15617919470258285 -0.1517904273759137 -0.2593113048680302 0.2539454756511023 0.21021735256051638 -0.3420171883157485 0.08831314723995494 -0.18984584181361122 0.014741592229092451 0.12527165368079135 0.06980962656182486 -0.042914238432556005 0.025195572789674527 0.007355482885851346 -0.011710558675068006 -0.20182179403079994 0.0048099776864737 -0.03051030537445677 

Number of latent states is: 15
HMM Results: 0.17969103809188347 0.312333316560157 0.3871081366678408 0.4403965178885926 0.48191012932118954 0.36028782770593265