
timeThre: 300.0   distThre: 3.5
info_option: 1
Training time is: 208.478
Geo information is: [(34.040219, -118.350847), (33.978821, -118.470344), (34.048052, -118.346671), (34.055729, -118.313151), (34.059962, -118.348361), (34.016182, -118.308747), (34.286655, -118.458997), (34.044413, -118.336490), (34.043315, -118.266862), (34.063870, -118.340755), (34.042446, -118.260384), (34.054084, -118.354761), (34.059151, -118.342372), (34.039498, -118.349610), (34.042665, -118.342383), ]
Estimated Kappa and Mean is: 
41.764264495639694 90.1481695832158 85.66318259937135 56.52425324186526 31.855904929358076 119.51284100360846 83.76467894370944 79.92873308078921 75.83997483329415 23.02638433241179 25.913599635073115 24.62937572667893 37.93599126327238 59.379691027524075 83.19320671572177 
0.08313684192141521 0.02851960477813023 0.1135155642803573 0.07984471398507244 0.13367597230775582 0.04290657962920214 0.011015939485766298 0.024119425057116534 0.02267667885914824 0.030427409049811196 0.05694440238389938 0.19522257516120683 0.02215862719042837 0.11179203549233149 0.04404363041835081 
0.37859267244662054 0.019872790667343106 0.12620236169426363 0.054860631410525246 0.07573144070247594 3.9729207728949397E-13 7.425311901539791E-4 0.05119734002084403 0.002491692928081525 0.0 0.01689280559681186 0.11048449361661143 0.0 0.10860466786082297 0.054326571865144904 
0.06129377186137914 0.4961902467369487 0.014678183401528617 0.009776253377447886 0.02452188655559144 2.217670201630299E-97 0.0 0.0 0.003688368515131099 0.0 0.013054969451460601 0.26819193151445286 0.0 0.02891026377983812 0.07969412480623117 
0.0 0.0 0.31414748558906513 0.08006215305290554 0.14760790163679727 0.0 0.0 0.10812519445908944 0.00214408637877683 0.016028700477409837 0.008673680934234526 0.0726240344139557 0.07121513143656817 0.17937163162126202 0.0 
0.05987848404756662 0.0010684780955266386 0.0924691380079436 0.627443933135841 0.03141524062103784 0.0 1.644515376014428E-258 0.04246241486819918 0.014376717952111952 0.015108194409028611 0.011049537175769876 0.031259575976081054 0.026105498470205896 0.04340654607319718 0.00395624116763192 
0.0 0.0 0.13148955142970223 0.023040362820274277 0.41731041644657246 0.0 0.0 0.03781255744146234 0.0020504448167897988 0.0678218991375861 0.016699601587704442 0.0923068932545927 0.10810250996279833 0.10336576310259821 0.0 
0.0015720130993124822 2.887530677463322E-104 0.0 4.738901021661074E-49 6.54662966645411E-50 0.9914973950107039 1.9051538806371988E-290 5.927667770665313E-190 0.0 0.0 0.005579425586453852 0.0 0.0 5.354570187377555E-37 0.0013511663035316156 
0.006104623537388967 0.0 4.958490866907285E-77 1.1614624779930602E-184 3.269226798912298E-45 8.837245459018768E-18 0.9856772128150122 4.71269747023576E-310 0.0 0.0 0.0 0.008218163647599521 0.0 7.571342954671779E-48 2.808916617340797E-221 
0.0468299983701332 0.001213565378297846 0.0 0.0 0.0 0.0 6.562384790269966E-176 0.5524511822588337 0.0 0.0817180481031298 0.0 0.0 0.3146499877185762 4.889119178073389E-35 0.0031372181710382537 
0.0 0.0 0.005444303477368155 0.041239380799392676 0.008918824789153115 0.0 0.0 0.013820302371774068 0.8475553674700613 0.025995279583256498 0.0 0.025379278035531586 0.026999185071079276 0.004648078402390227 0.0 
0.033890315338657793 0.010936485007983141 0.0 0.0 0.0 3.7480945123986127E-146 9.937273214803825E-4 0.09609095686681608 0.0 0.6915577798050259 0.0 0.0 0.14464339727577583 0.0 0.021887338384268082 
0.023898048075767387 0.013297115955548852 0.017945451150972336 0.021482662780381263 0.01964188711881481 0.0 0.0 0.0 0.02577562023043828 0.0 0.7572888535441978 0.07148253492402497 0.0 0.004111970138754592 0.0450758560811253 
0.0 0.03892167543018702 0.036355851288652964 0.018020148857973244 0.07883214475684269 0.0 0.0 0.01190702769301623 0.0050501192641030455 0.12468321952384796 0.0 0.621047111951368 0.02158863178441137 0.04359406944970261 0.0 
0.013685054737354204 7.34542205320489E-7 0.0 0.0 0.0 1.496542370400634E-149 6.182205473967367E-75 0.31860591445037095 0.0 0.1579106679531793 0.0 0.0 0.507277670613887 0.0 0.002519957703012286 
0.11713052939570068 0.012847463509738699 0.18672767892138661 0.04703618003958378 0.10307471853192972 1.0021694121719782E-81 2.7771419277819605E-204 0.0971075710055432 0.001825579115151056 0.026851515106608142 0.003926772960552091 0.07200911939395717 0.054616333959693446 0.269580865733803 0.007265672326433814 
0.06259104115260827 0.04919390369436227 0.01298379730701843 0.007071766428385169 0.01624403384343136 1.1974388415735644E-25 1.8885989243877606E-243 0.0 0.012617534024969724 0.0 0.05790310106289822 0.2711116149090003 0.0 0.012936209280761788 0.49734699829660767 
0.08241696243362387 -0.10202653655719181 0.05670094548316485 -0.05944944724281304 -0.13234836165443503 -0.1883313494339593 0.19990692059809304 -0.05651118030198321 -0.003124852918135472 0.21207894364277194 0.032890119651302605 0.10893581983205529 -0.13115824326136669 0.04820920081249053 -0.20363361011450476 -0.3573159404197154 -0.08325135931754918 0.09429136998337326 -0.18604422585832817 -0.18119606672872257 0.2659674263504802 -0.31562156397334623 -0.20586409514758253 0.16424048838462776 -0.104174228329673 -0.18260362824118126 -0.18623790084732955 0.01720988098084623 0.29326822122082025 0.3809772911175652 
0.15644480673552277 -0.01039126049203479 -0.20248981145117065 0.22326014681685244 -0.018896389686153946 -0.36987582103550243 0.1229048867127513 0.11531162325858252 -0.24983780387004087 0.38790717390403306 -0.08646624595129943 -0.06021901214821644 0.09648718402324613 -0.1369315566319443 -0.07466707562182452 -0.25846887290061554 0.33721394508979236 -0.06661759179496653 -0.22512897863584103 -0.07608862106783558 0.23714292834343031 0.00729200964908008 -0.11885644123392727 -0.08453552443661985 -0.2267446587159534 0.039420551971397176 -0.1665072336730636 -0.1485394969245824 0.19766914919534112 0.02348740412088792 
-0.008072208974247954 -0.028129459133263583 -0.01498203908376653 -0.06952369721561788 -0.24871066757373664 -0.17429387651315384 0.22691614086854373 -0.11641263366919131 -0.025506896615554074 0.1308597681364364 0.20134196063146048 0.10368078100513514 -0.14540708322429213 0.07226895383628508 -0.10543447338029992 -0.1936583612397449 -0.20128921848141954 0.003948311240866816 -0.2449863998369497 -0.29600139631072075 0.24086032917287273 -0.23982123039817688 -0.16491505312022642 0.11463036781119354 0.02140185296159616 -0.0027688235764535564 -0.09912944604270042 0.303218465595778 0.28878758607491084 0.4038477681843087 
-0.04070406250381314 -0.30523121047657814 0.025378890813378612 -0.0735292086007704 -0.029249452462947863 -0.044249567688259404 0.3429953384242398 -0.22790629592180361 -0.05274477236408915 0.04124340198035883 -0.07575530492801609 -0.018074141571760672 -0.07042260408399878 -0.004663465488082469 -0.14732709635359664 -0.05915685247837778 -0.026025852359693027 0.26054104719606014 0.049725930715926715 -0.4254188299082519 0.17057124876721766 -0.10441510258028504 -0.09141926748424482 -0.10084439071347186 -0.11920450713811705 0.031955638671156895 -0.2549468387330765 0.0835837733745752 0.1327254300497314 0.5202146924514112 
0.009531176285902406 0.004832681465745019 0.23007898091756268 0.016890745748691222 -0.2284635287379747 -0.31070576555264723 0.22980673981209523 -0.16665999201772247 -0.04635589995151888 0.14590148855458773 0.07532181075411552 0.14637128529520235 0.06525110638980695 -0.06360428567471424 -0.28503777274224334 -0.2719979356701255 -0.1328910462303202 0.16187525823191917 -0.22815903078350497 -0.41215808082338884 0.12744448552174328 -0.18098066230153814 -0.21256405362845007 0.22195071262701602 -0.0023131637154654838 0.05231364475211009 -0.084862939692158 0.24940547671426355 0.12771953289199794 0.0747117799442646 
-0.05830189733903533 -0.06411582727415047 -0.20310349628149496 0.024308368799358566 0.2681918215465922 -0.027730339537519636 -0.21553114504018822 0.04748181233583961 -0.31288130604900694 0.4807590486965305 0.017291113739288325 -0.13796129734284213 0.02832499809087691 0.12446696904284495 -0.33030838859056416 -0.1605492083636072 0.09419059665588468 0.3251246815918376 -0.009853004902265084 -0.13124382495034667 0.1185480339978392 -0.21159097991668563 -0.09023678037771002 0.29771025990117006 -0.08172014433672262 -0.11724133090708307 -0.004975111128819636 -0.08336480732804717 -0.09879610297603524 0.07110965270093043 
0.03613711877094484 0.033565985506559405 0.08126395801816354 0.11598037873548034 0.19349114103907342 -0.09055505964329949 -0.05894922587381409 -0.04314594983788527 0.06464091764136691 0.09621165214253467 -0.19607127543108147 0.14226783119805136 -0.03914993589979027 0.13858845088671032 -0.3060555827287926 -0.09022147146224081 0.018325553967905212 0.2564921996085788 -0.08521910523711432 -0.2149200205258509 0.013104568839520141 -0.46388717569369864 -0.36070690206204065 0.11905440151743477 -0.20692282320806504 -0.37553981928520075 -0.09623167505162533 -0.13867112845827406 0.030725715013649298 0.198401019269421 
0.01619886420545305 -0.035000489632951964 -0.01838399127748373 -0.09590007157290775 -0.24390929403591047 -0.17800056730927444 0.1719989971554809 -0.16451968128500066 -0.033828028396908315 0.15818610435505845 0.20279555404560934 0.14472553900683538 -0.13273722211384906 0.07905155510527223 -0.11003596215667036 -0.17657344636800323 -0.17061065312989707 -0.005652390034049925 -0.2402172138157992 -0.28602282371090526 0.24491528321536732 -0.22800641635032318 -0.1599785915965109 0.093784609580896 0.021696734677861304 -0.006158107947382549 -0.13180861543080005 0.2932517673696297 0.356655603100551 0.3737163308423608 
-0.025326364857530998 -0.25862682389228236 -0.03501061828725601 -0.013443920561659812 -0.07526753123808702 -0.17077084093344388 0.27197355973142046 -0.40189372842329896 0.018113693049056974 0.037836885469200145 -0.2571888279823139 -0.014320479091996746 -0.014398511302707508 0.09810041606744276 -0.00501283658818796 0.012238971733501174 0.12880342029664124 0.34493034173623605 0.1790994856766644 -0.23058497721757296 0.19246226370597225 -0.2959240119990853 -0.331423050650381 -0.012219682452422323 -0.05694760484015044 0.09674401023960318 0.016675084693069223 -0.06305046257013264 -0.12895493676700626 0.3061527495307652 
0.050430958020001616 -0.11682530875649172 0.048824835556826644 -0.030237364031415692 -0.13924850835007596 -0.3811280073518314 0.14304599095082396 -0.20795630446654706 -0.18186325886974283 0.17092600462754037 -0.03502817163117844 0.10348322588168915 0.14616328333618145 -0.11569042426877246 -0.34898148699489606 -0.32607662592565684 -0.05101706351538665 0.11825592636771258 -0.1707512767221057 -0.2931226523703536 0.11875029872865354 -0.16085326189905289 -0.22274056192266029 0.1581633670486937 -0.1716686215848468 -0.17818294224674083 -0.1305219867408866 -0.1654900199693333 0.11545192173971072 -0.22321768279455328 
0.18294355715289093 -0.19524446936870882 0.14235720926671097 0.04395153546671251 -0.17522258370419105 -0.1911786812009244 0.11904085865812301 -0.13919363532455242 0.0033801856594949434 0.17763777805023168 -0.18914642138115018 0.008680459525697284 0.06642732487349585 -0.08678101901462565 -0.3167613123917562 -0.374634844282609 0.005944183756632755 0.2611157720705066 -0.1387187253821336 -0.20318243961178462 0.2044217747156228 -0.2811170035627647 -0.2918816467486939 0.22264679419977543 -0.12908874288154812 -0.05202031172597309 -0.15044312874993543 -0.23514241461344343 -0.045415238752141415 -0.041028125999974574 
0.04563308962762871 -0.15432697417503596 -0.03374762500876291 -0.002432204911432607 -0.11344263619953196 -0.3019154077368449 0.1137442839215871 -0.07105274483999738 -0.18046959523555256 0.2637571513195075 -0.08562152184065672 0.08243047491031699 0.08877860673626708 -0.12027678451904454 -0.2780908558423848 -0.3096301026228834 0.06862372130436466 0.08072701314397476 -0.08758753867194403 -0.26468593525363754 0.22527830458522854 -0.1979949785067801 -0.20328275615950753 0.17749803367176378 -0.21282109749996864 -0.2742733340294709 -0.17535762139905703 -0.2991191339841924 0.12714463941606788 -0.17460281759897714 
-0.012936834205115136 -0.01625716744927814 0.12547220211256818 -0.02602919531721134 -0.25756634812850776 -0.28720730473461975 0.23810362049394485 -0.17565793267846677 -0.09166667816193806 0.11312530327402906 0.14819565776624008 0.1472037417902939 -0.01179202903531216 -0.04479096148975708 -0.22862224947354523 -0.24634424108068223 -0.14125035964173221 0.07524818016752441 -0.2631617727148892 -0.3712216794597545 0.1961319143538819 -0.1801460951431882 -0.20084091012637478 0.18395303103748964 0.03314588330137084 0.030433212711092502 -0.09622644511820169 0.2979224749654713 0.20050213508227993 0.22096862558010907 
0.05355587044991016 -0.013183175104575914 0.036488636370791805 -0.11808478518208863 -0.21546279156662634 -0.17734063924692167 0.08947879261779748 -0.25017500769217643 -0.04281042466052554 0.1889824352287706 0.1845148454821789 0.2323920704851517 -0.08076757719672971 0.028669898822809115 -0.14212363053806348 -0.13795687214423383 -0.04485912585857763 0.023234038895998857 -0.21605236274413586 -0.3187987548684037 0.23961624346673413 -0.22475151987849912 -0.18946951050690994 0.0865973449824675 3.989565377846446E-4 0.019874843864335818 -0.21701744534390077 0.25040805078464556 0.4276522597373869 0.2564494889988923 
0.2642188758744164 -0.3265725357820097 -0.0058515927554639155 0.04128420469437152 0.18535231009313435 -0.23697215224886564 0.014382953312651126 0.008187222776868772 -0.2148762652437086 0.1341720555217483 -0.2659455974074954 0.0028363948790876923 -0.2597085991280074 -0.0853713586413149 -0.321769009563754 -0.17432993883101824 0.18851705913375746 0.1298019285025617 0.017098374656784158 -0.1321560463796942 0.23939128293529535 -0.11294453087078182 -0.2377397370116184 0.08280045115143352 0.03437029096709487 -0.33394699829650515 -0.03883411603237279 -0.24981232167997292 -0.04510110382013575 -0.07215952595918981 

Number of latent states is: 15
HMM Results: 0.19626681306615426 0.3648092231677189 0.476896330862842 0.564004025985909 0.6329947845182542 0.44699423552017575
info_option: 11