
timeThre: 300.0   distThre: 3.5
info_option: 30
The ground truth Kappa, Pi, A and Mean is: 
100.0 100.0 100.0 100.0 100.0 100.0 100.0 100.0 100.0 100.0 
0.130595 0.145193 0.020355 0.146408 0.101363 0.015635 0.044641 0.087662 0.153482 0.154665 
0.035693 0.148497 0.159889 0.099357 0.062508 0.17013 0.190386 0.079636 0.017178 0.036727 
0.226359 0.008329 0.007424 0.088986 0.158519 0.059493 0.059303 0.193764 0.012582 0.185241 
0.153114 0.135831 0.044298 0.122456 0.104793 0.080936 0.130257 0.093622 0.084909 0.049784 
0.092924 0.17881 0.008839 0.152239 0.031132 0.133836 0.046622 0.105243 0.149169 0.101186 
0.139933 0.11868 0.016984 0.032676 0.020807 0.155779 0.162486 0.160376 0.163316 0.028964 
0.028162 0.150399 0.163442 0.09721 0.098917 0.190403 0.069466 0.056734 0.025784 0.119483 
0.075343 0.132753 0.124124 0.079599 0.171448 0.097754 0.03512 0.135266 0.101615 0.046977 
0.187702 0.080396 0.064997 0.132477 0.06977 0.028414 0.051466 0.154495 0.096213 0.134069 
0.143012 0.118329 0.171538 0.128057 0.105655 0.026951 0.111211 0.068679 0.002149 0.12442 
0.211925 0.03781 0.007608 0.166689 0.049434 0.056876 0.104536 0.125416 0.074461 0.165245 
-0.028845 -0.229403 -0.04 0.205891 -0.04825 0.163445 -0.154678 0.027416 0.250421 0.084167 -0.170447 -0.110167 0.055344 -0.24173 0.270077 -0.269594 -0.22934 -0.273792 -0.184922 -0.256834 0.093083 -0.190482 -0.121317 0.263394 -0.115793 -0.272591 0.084428 -0.144749 0.236962 -0.044974 
-0.279898 0.310646 0.276178 0.082087 -0.302876 -0.074155 -0.098757 -0.136983 0.185428 -0.08164 -0.13367 0.284741 -0.159923 -0.159741 0.031479 0.259042 0.103408 0.16415 -0.174907 0.122384 0.012506 -0.073349 -0.045967 0.282691 0.135247 0.041159 -0.083212 -0.140937 0.255333 -0.272898 
-0.164024 -0.299798 -0.192548 -0.090204 0.243726 -0.15633 0.194388 0.148089 -0.007994 0.18857 -0.017597 -0.042239 0.062241 0.182176 0.012792 0.250123 -0.003526 1.4E-5 0.233919 -0.276923 0.286247 0.200553 -0.29323 -0.270722 0.100669 0.231107 -0.187054 0.070864 0.19231 0.059627 
0.262368 0.174501 -0.149928 0.00841 0.282331 -0.060992 -0.307601 -0.197438 -0.040714 0.020836 -0.171074 -0.200065 0.13407 -0.29883 -0.170372 0.188005 0.17713 -0.012745 -0.299177 -0.272028 0.094573 0.192562 0.307262 0.150982 0.024836 0.107385 -0.045542 -0.148989 -0.151879 -0.018456 
-0.222563 0.203152 -0.226942 -0.062867 -0.005849 -0.258368 -0.292577 0.119582 -0.034071 -0.095571 0.220442 0.259223 -0.17815 0.274572 -0.007108 -0.256923 0.137676 0.259121 -0.006466 0.013861 0.192285 -0.281406 -0.213094 -0.14782 0.126836 -0.198199 -0.01151 0.20768 0.060411 0.125456 
0.187 0.21161 -0.208876 -0.243371 -0.006168 -0.211226 -0.189981 -0.181646 -0.111144 0.251962 -0.175188 0.275348 -0.21958 0.132197 0.071203 -0.136672 0.231712 0.063057 -0.190591 -0.231454 -0.026517 -0.05782 -0.226009 -0.044288 0.095577 -0.075234 -0.217747 0.277021 -0.27405 0.114724 
0.029651 -0.32136 0.285577 -0.201126 -0.125493 0.341842 0.115313 -0.101702 0.00658 0.29072 -0.211948 -0.047272 -0.157233 -0.008809 0.138527 -0.12732 0.302304 0.090993 0.370169 0.246028 -0.052282 0.020783 -0.098667 0.037019 -0.248904 -0.030371 0.069217 0.178054 -0.057798 0.107127 
0.307011 -0.062015 0.049322 -0.233093 0.247556 0.282259 0.143391 0.077734 0.006666 0.031037 -0.203768 -0.240642 -0.112141 0.048592 -0.064656 0.111217 -0.102621 0.222425 0.131617 0.1965 0.201306 -0.051485 -0.186806 0.273968 -0.230187 0.298041 -0.169437 -0.09661 -0.115891 -0.288609 
-0.297573 -0.169398 0.035173 -0.222985 -0.092239 0.053055 0.104226 0.197684 0.224068 0.086399 -0.192117 -0.170671 -0.053496 -0.185331 -0.093516 -0.256391 0.140204 0.215505 3.33E-4 0.156918 -0.293838 0.110656 -0.007275 -0.058027 0.352072 -0.242386 -0.081395 0.059306 -0.238803 -0.304182 
-0.037255 0.195025 -0.230757 -0.169014 -0.252694 -0.286115 -0.031896 -0.272242 0.191622 0.056574 -0.041792 -0.059326 0.005107 -0.026746 0.317157 0.143784 -0.196404 0.049864 -0.018791 -0.227565 -0.238416 0.083175 -0.104319 0.313953 -0.21375 0.231067 0.053936 -0.254925 -0.208782 -0.117249 

Sum of Mean abs error is:        0.999045570943868
Sum of Kappa abs error is:       8.672697977363185
Sum of Initial Pi abs error is:  0.03273585714283832
Sum of Trans Prob abs error is:  1.5076487172252913
Length of the HMM is: 2
Number of latent states is: 10
Dimension of VMF is: 30
Number of sequences is: 3500
info_option: 31
The ground truth Kappa, Pi, A and Mean is: 
100.0 100.0 100.0 100.0 100.0 100.0 100.0 100.0 100.0 100.0 
0.130595 0.145193 0.020355 0.146408 0.101363 0.015635 0.044641 0.087662 0.153482 0.154665 
0.035693 0.148497 0.159889 0.099357 0.062508 0.17013 0.190386 0.079636 0.017178 0.036727 
0.226359 0.008329 0.007424 0.088986 0.158519 0.059493 0.059303 0.193764 0.012582 0.185241 
0.153114 0.135831 0.044298 0.122456 0.104793 0.080936 0.130257 0.093622 0.084909 0.049784 
0.092924 0.17881 0.008839 0.152239 0.031132 0.133836 0.046622 0.105243 0.149169 0.101186 
0.139933 0.11868 0.016984 0.032676 0.020807 0.155779 0.162486 0.160376 0.163316 0.028964 
0.028162 0.150399 0.163442 0.09721 0.098917 0.190403 0.069466 0.056734 0.025784 0.119483 
0.075343 0.132753 0.124124 0.079599 0.171448 0.097754 0.03512 0.135266 0.101615 0.046977 
0.187702 0.080396 0.064997 0.132477 0.06977 0.028414 0.051466 0.154495 0.096213 0.134069 
0.143012 0.118329 0.171538 0.128057 0.105655 0.026951 0.111211 0.068679 0.002149 0.12442 
0.211925 0.03781 0.007608 0.166689 0.049434 0.056876 0.104536 0.125416 0.074461 0.165245 
-0.028845 -0.229403 -0.04 0.205891 -0.04825 0.163445 -0.154678 0.027416 0.250421 0.084167 -0.170447 -0.110167 0.055344 -0.24173 0.270077 -0.269594 -0.22934 -0.273792 -0.184922 -0.256834 0.093083 -0.190482 -0.121317 0.263394 -0.115793 -0.272591 0.084428 -0.144749 0.236962 -0.044974 
-0.279898 0.310646 0.276178 0.082087 -0.302876 -0.074155 -0.098757 -0.136983 0.185428 -0.08164 -0.13367 0.284741 -0.159923 -0.159741 0.031479 0.259042 0.103408 0.16415 -0.174907 0.122384 0.012506 -0.073349 -0.045967 0.282691 0.135247 0.041159 -0.083212 -0.140937 0.255333 -0.272898 
-0.164024 -0.299798 -0.192548 -0.090204 0.243726 -0.15633 0.194388 0.148089 -0.007994 0.18857 -0.017597 -0.042239 0.062241 0.182176 0.012792 0.250123 -0.003526 1.4E-5 0.233919 -0.276923 0.286247 0.200553 -0.29323 -0.270722 0.100669 0.231107 -0.187054 0.070864 0.19231 0.059627 
0.262368 0.174501 -0.149928 0.00841 0.282331 -0.060992 -0.307601 -0.197438 -0.040714 0.020836 -0.171074 -0.200065 0.13407 -0.29883 -0.170372 0.188005 0.17713 -0.012745 -0.299177 -0.272028 0.094573 0.192562 0.307262 0.150982 0.024836 0.107385 -0.045542 -0.148989 -0.151879 -0.018456 
-0.222563 0.203152 -0.226942 -0.062867 -0.005849 -0.258368 -0.292577 0.119582 -0.034071 -0.095571 0.220442 0.259223 -0.17815 0.274572 -0.007108 -0.256923 0.137676 0.259121 -0.006466 0.013861 0.192285 -0.281406 -0.213094 -0.14782 0.126836 -0.198199 -0.01151 0.20768 0.060411 0.125456 
0.187 0.21161 -0.208876 -0.243371 -0.006168 -0.211226 -0.189981 -0.181646 -0.111144 0.251962 -0.175188 0.275348 -0.21958 0.132197 0.071203 -0.136672 0.231712 0.063057 -0.190591 -0.231454 -0.026517 -0.05782 -0.226009 -0.044288 0.095577 -0.075234 -0.217747 0.277021 -0.27405 0.114724 
0.029651 -0.32136 0.285577 -0.201126 -0.125493 0.341842 0.115313 -0.101702 0.00658 0.29072 -0.211948 -0.047272 -0.157233 -0.008809 0.138527 -0.12732 0.302304 0.090993 0.370169 0.246028 -0.052282 0.020783 -0.098667 0.037019 -0.248904 -0.030371 0.069217 0.178054 -0.057798 0.107127 
0.307011 -0.062015 0.049322 -0.233093 0.247556 0.282259 0.143391 0.077734 0.006666 0.031037 -0.203768 -0.240642 -0.112141 0.048592 -0.064656 0.111217 -0.102621 0.222425 0.131617 0.1965 0.201306 -0.051485 -0.186806 0.273968 -0.230187 0.298041 -0.169437 -0.09661 -0.115891 -0.288609 
-0.297573 -0.169398 0.035173 -0.222985 -0.092239 0.053055 0.104226 0.197684 0.224068 0.086399 -0.192117 -0.170671 -0.053496 -0.185331 -0.093516 -0.256391 0.140204 0.215505 3.33E-4 0.156918 -0.293838 0.110656 -0.007275 -0.058027 0.352072 -0.242386 -0.081395 0.059306 -0.238803 -0.304182 
-0.037255 0.195025 -0.230757 -0.169014 -0.252694 -0.286115 -0.031896 -0.272242 0.191622 0.056574 -0.041792 -0.059326 0.005107 -0.026746 0.317157 0.143784 -0.196404 0.049864 -0.018791 -0.227565 -0.238416 0.083175 -0.104319 0.313953 -0.21375 0.231067 0.053936 -0.254925 -0.208782 -0.117249 

Sum of Mean abs error is:        0.9990455709438542
Sum of Kappa abs error is:       8.869577099592306
Sum of Initial Pi abs error is:  0.032735857142836645
Sum of Trans Prob abs error is:  1.507648717225256
Length of the HMM is: 2
Number of latent states is: 10
Dimension of VMF is: 30
Number of sequences is: 3500
timeThre: 300.0   distThre: 3.5
info_option: 30
The ground truth Kappa, Pi, A and Mean is: 
70.0 70.0 70.0 70.0 70.0 70.0 70.0 70.0 70.0 70.0 
0.130595 0.145193 0.020355 0.146408 0.101363 0.015635 0.044641 0.087662 0.153482 0.154665 
0.035693 0.148497 0.159889 0.099357 0.062508 0.17013 0.190386 0.079636 0.017178 0.036727 
0.226359 0.008329 0.007424 0.088986 0.158519 0.059493 0.059303 0.193764 0.012582 0.185241 
0.153114 0.135831 0.044298 0.122456 0.104793 0.080936 0.130257 0.093622 0.084909 0.049784 
0.092924 0.17881 0.008839 0.152239 0.031132 0.133836 0.046622 0.105243 0.149169 0.101186 
0.139933 0.11868 0.016984 0.032676 0.020807 0.155779 0.162486 0.160376 0.163316 0.028964 
0.028162 0.150399 0.163442 0.09721 0.098917 0.190403 0.069466 0.056734 0.025784 0.119483 
0.075343 0.132753 0.124124 0.079599 0.171448 0.097754 0.03512 0.135266 0.101615 0.046977 
0.187702 0.080396 0.064997 0.132477 0.06977 0.028414 0.051466 0.154495 0.096213 0.134069 
0.143012 0.118329 0.171538 0.128057 0.105655 0.026951 0.111211 0.068679 0.002149 0.12442 
0.211925 0.03781 0.007608 0.166689 0.049434 0.056876 0.104536 0.125416 0.074461 0.165245 
-0.028845 -0.229403 -0.04 0.205891 -0.04825 0.163445 -0.154678 0.027416 0.250421 0.084167 -0.170447 -0.110167 0.055344 -0.24173 0.270077 -0.269594 -0.22934 -0.273792 -0.184922 -0.256834 0.093083 -0.190482 -0.121317 0.263394 -0.115793 -0.272591 0.084428 -0.144749 0.236962 -0.044974 
-0.279898 0.310646 0.276178 0.082087 -0.302876 -0.074155 -0.098757 -0.136983 0.185428 -0.08164 -0.13367 0.284741 -0.159923 -0.159741 0.031479 0.259042 0.103408 0.16415 -0.174907 0.122384 0.012506 -0.073349 -0.045967 0.282691 0.135247 0.041159 -0.083212 -0.140937 0.255333 -0.272898 
-0.164024 -0.299798 -0.192548 -0.090204 0.243726 -0.15633 0.194388 0.148089 -0.007994 0.18857 -0.017597 -0.042239 0.062241 0.182176 0.012792 0.250123 -0.003526 1.4E-5 0.233919 -0.276923 0.286247 0.200553 -0.29323 -0.270722 0.100669 0.231107 -0.187054 0.070864 0.19231 0.059627 
0.262368 0.174501 -0.149928 0.00841 0.282331 -0.060992 -0.307601 -0.197438 -0.040714 0.020836 -0.171074 -0.200065 0.13407 -0.29883 -0.170372 0.188005 0.17713 -0.012745 -0.299177 -0.272028 0.094573 0.192562 0.307262 0.150982 0.024836 0.107385 -0.045542 -0.148989 -0.151879 -0.018456 
-0.222563 0.203152 -0.226942 -0.062867 -0.005849 -0.258368 -0.292577 0.119582 -0.034071 -0.095571 0.220442 0.259223 -0.17815 0.274572 -0.007108 -0.256923 0.137676 0.259121 -0.006466 0.013861 0.192285 -0.281406 -0.213094 -0.14782 0.126836 -0.198199 -0.01151 0.20768 0.060411 0.125456 
0.187 0.21161 -0.208876 -0.243371 -0.006168 -0.211226 -0.189981 -0.181646 -0.111144 0.251962 -0.175188 0.275348 -0.21958 0.132197 0.071203 -0.136672 0.231712 0.063057 -0.190591 -0.231454 -0.026517 -0.05782 -0.226009 -0.044288 0.095577 -0.075234 -0.217747 0.277021 -0.27405 0.114724 
0.029651 -0.32136 0.285577 -0.201126 -0.125493 0.341842 0.115313 -0.101702 0.00658 0.29072 -0.211948 -0.047272 -0.157233 -0.008809 0.138527 -0.12732 0.302304 0.090993 0.370169 0.246028 -0.052282 0.020783 -0.098667 0.037019 -0.248904 -0.030371 0.069217 0.178054 -0.057798 0.107127 
0.307011 -0.062015 0.049322 -0.233093 0.247556 0.282259 0.143391 0.077734 0.006666 0.031037 -0.203768 -0.240642 -0.112141 0.048592 -0.064656 0.111217 -0.102621 0.222425 0.131617 0.1965 0.201306 -0.051485 -0.186806 0.273968 -0.230187 0.298041 -0.169437 -0.09661 -0.115891 -0.288609 
-0.297573 -0.169398 0.035173 -0.222985 -0.092239 0.053055 0.104226 0.197684 0.224068 0.086399 -0.192117 -0.170671 -0.053496 -0.185331 -0.093516 -0.256391 0.140204 0.215505 3.33E-4 0.156918 -0.293838 0.110656 -0.007275 -0.058027 0.352072 -0.242386 -0.081395 0.059306 -0.238803 -0.304182 
-0.037255 0.195025 -0.230757 -0.169014 -0.252694 -0.286115 -0.031896 -0.272242 0.191622 0.056574 -0.041792 -0.059326 0.005107 -0.026746 0.317157 0.143784 -0.196404 0.049864 -0.018791 -0.227565 -0.238416 0.083175 -0.104319 0.313953 -0.21375 0.231067 0.053936 -0.254925 -0.208782 -0.117249 

Sum of Mean abs error is:        1.2640438407745862
Sum of Kappa abs error is:       11.02299387858291
Sum of Initial Pi abs error is:  0.029655857131221208
Sum of Trans Prob abs error is:  1.7893199318613124
Length of the HMM is: 2
Number of latent states is: 10
Dimension of VMF is: 30
Number of sequences is: 3500
info_option: 31
The ground truth Kappa, Pi, A and Mean is: 
70.0 70.0 70.0 70.0 70.0 70.0 70.0 70.0 70.0 70.0 
0.130595 0.145193 0.020355 0.146408 0.101363 0.015635 0.044641 0.087662 0.153482 0.154665 
0.035693 0.148497 0.159889 0.099357 0.062508 0.17013 0.190386 0.079636 0.017178 0.036727 
0.226359 0.008329 0.007424 0.088986 0.158519 0.059493 0.059303 0.193764 0.012582 0.185241 
0.153114 0.135831 0.044298 0.122456 0.104793 0.080936 0.130257 0.093622 0.084909 0.049784 
0.092924 0.17881 0.008839 0.152239 0.031132 0.133836 0.046622 0.105243 0.149169 0.101186 
0.139933 0.11868 0.016984 0.032676 0.020807 0.155779 0.162486 0.160376 0.163316 0.028964 
0.028162 0.150399 0.163442 0.09721 0.098917 0.190403 0.069466 0.056734 0.025784 0.119483 
0.075343 0.132753 0.124124 0.079599 0.171448 0.097754 0.03512 0.135266 0.101615 0.046977 
0.187702 0.080396 0.064997 0.132477 0.06977 0.028414 0.051466 0.154495 0.096213 0.134069 
0.143012 0.118329 0.171538 0.128057 0.105655 0.026951 0.111211 0.068679 0.002149 0.12442 
0.211925 0.03781 0.007608 0.166689 0.049434 0.056876 0.104536 0.125416 0.074461 0.165245 
-0.028845 -0.229403 -0.04 0.205891 -0.04825 0.163445 -0.154678 0.027416 0.250421 0.084167 -0.170447 -0.110167 0.055344 -0.24173 0.270077 -0.269594 -0.22934 -0.273792 -0.184922 -0.256834 0.093083 -0.190482 -0.121317 0.263394 -0.115793 -0.272591 0.084428 -0.144749 0.236962 -0.044974 
-0.279898 0.310646 0.276178 0.082087 -0.302876 -0.074155 -0.098757 -0.136983 0.185428 -0.08164 -0.13367 0.284741 -0.159923 -0.159741 0.031479 0.259042 0.103408 0.16415 -0.174907 0.122384 0.012506 -0.073349 -0.045967 0.282691 0.135247 0.041159 -0.083212 -0.140937 0.255333 -0.272898 
-0.164024 -0.299798 -0.192548 -0.090204 0.243726 -0.15633 0.194388 0.148089 -0.007994 0.18857 -0.017597 -0.042239 0.062241 0.182176 0.012792 0.250123 -0.003526 1.4E-5 0.233919 -0.276923 0.286247 0.200553 -0.29323 -0.270722 0.100669 0.231107 -0.187054 0.070864 0.19231 0.059627 
0.262368 0.174501 -0.149928 0.00841 0.282331 -0.060992 -0.307601 -0.197438 -0.040714 0.020836 -0.171074 -0.200065 0.13407 -0.29883 -0.170372 0.188005 0.17713 -0.012745 -0.299177 -0.272028 0.094573 0.192562 0.307262 0.150982 0.024836 0.107385 -0.045542 -0.148989 -0.151879 -0.018456 
-0.222563 0.203152 -0.226942 -0.062867 -0.005849 -0.258368 -0.292577 0.119582 -0.034071 -0.095571 0.220442 0.259223 -0.17815 0.274572 -0.007108 -0.256923 0.137676 0.259121 -0.006466 0.013861 0.192285 -0.281406 -0.213094 -0.14782 0.126836 -0.198199 -0.01151 0.20768 0.060411 0.125456 
0.187 0.21161 -0.208876 -0.243371 -0.006168 -0.211226 -0.189981 -0.181646 -0.111144 0.251962 -0.175188 0.275348 -0.21958 0.132197 0.071203 -0.136672 0.231712 0.063057 -0.190591 -0.231454 -0.026517 -0.05782 -0.226009 -0.044288 0.095577 -0.075234 -0.217747 0.277021 -0.27405 0.114724 
0.029651 -0.32136 0.285577 -0.201126 -0.125493 0.341842 0.115313 -0.101702 0.00658 0.29072 -0.211948 -0.047272 -0.157233 -0.008809 0.138527 -0.12732 0.302304 0.090993 0.370169 0.246028 -0.052282 0.020783 -0.098667 0.037019 -0.248904 -0.030371 0.069217 0.178054 -0.057798 0.107127 
0.307011 -0.062015 0.049322 -0.233093 0.247556 0.282259 0.143391 0.077734 0.006666 0.031037 -0.203768 -0.240642 -0.112141 0.048592 -0.064656 0.111217 -0.102621 0.222425 0.131617 0.1965 0.201306 -0.051485 -0.186806 0.273968 -0.230187 0.298041 -0.169437 -0.09661 -0.115891 -0.288609 
-0.297573 -0.169398 0.035173 -0.222985 -0.092239 0.053055 0.104226 0.197684 0.224068 0.086399 -0.192117 -0.170671 -0.053496 -0.185331 -0.093516 -0.256391 0.140204 0.215505 3.33E-4 0.156918 -0.293838 0.110656 -0.007275 -0.058027 0.352072 -0.242386 -0.081395 0.059306 -0.238803 -0.304182 
-0.037255 0.195025 -0.230757 -0.169014 -0.252694 -0.286115 -0.031896 -0.272242 0.191622 0.056574 -0.041792 -0.059326 0.005107 -0.026746 0.317157 0.143784 -0.196404 0.049864 -0.018791 -0.227565 -0.238416 0.083175 -0.104319 0.313953 -0.21375 0.231067 0.053936 -0.254925 -0.208782 -0.117249 

Sum of Mean abs error is:        1.2640439259670784
Sum of Kappa abs error is:       9.272342603108484
Sum of Initial Pi abs error is:  0.029655857130296674
Sum of Trans Prob abs error is:  1.7893199295610165
Length of the HMM is: 2
Number of latent states is: 10
Dimension of VMF is: 30
Number of sequences is: 3500
timeThre: 300.0   distThre: 3.5
info_option: 30
The ground truth Kappa, Pi, A and Mean is: 
100.0 100.0 100.0 100.0 100.0 100.0 100.0 100.0 100.0 100.0 
0.130595 0.145193 0.020355 0.146408 0.101363 0.015635 0.044641 0.087662 0.153482 0.154665 
0.035693 0.148497 0.159889 0.099357 0.062508 0.17013 0.190386 0.079636 0.017178 0.036727 
0.226359 0.008329 0.007424 0.088986 0.158519 0.059493 0.059303 0.193764 0.012582 0.185241 
0.153114 0.135831 0.044298 0.122456 0.104793 0.080936 0.130257 0.093622 0.084909 0.049784 
0.092924 0.17881 0.008839 0.152239 0.031132 0.133836 0.046622 0.105243 0.149169 0.101186 
0.139933 0.11868 0.016984 0.032676 0.020807 0.155779 0.162486 0.160376 0.163316 0.028964 
0.028162 0.150399 0.163442 0.09721 0.098917 0.190403 0.069466 0.056734 0.025784 0.119483 
0.075343 0.132753 0.124124 0.079599 0.171448 0.097754 0.03512 0.135266 0.101615 0.046977 
0.187702 0.080396 0.064997 0.132477 0.06977 0.028414 0.051466 0.154495 0.096213 0.134069 
0.143012 0.118329 0.171538 0.128057 0.105655 0.026951 0.111211 0.068679 0.002149 0.12442 
0.211925 0.03781 0.007608 0.166689 0.049434 0.056876 0.104536 0.125416 0.074461 0.165245 
-0.028845 -0.229403 -0.04 0.205891 -0.04825 0.163445 -0.154678 0.027416 0.250421 0.084167 -0.170447 -0.110167 0.055344 -0.24173 0.270077 -0.269594 -0.22934 -0.273792 -0.184922 -0.256834 0.093083 -0.190482 -0.121317 0.263394 -0.115793 -0.272591 0.084428 -0.144749 0.236962 -0.044974 
-0.279898 0.310646 0.276178 0.082087 -0.302876 -0.074155 -0.098757 -0.136983 0.185428 -0.08164 -0.13367 0.284741 -0.159923 -0.159741 0.031479 0.259042 0.103408 0.16415 -0.174907 0.122384 0.012506 -0.073349 -0.045967 0.282691 0.135247 0.041159 -0.083212 -0.140937 0.255333 -0.272898 
-0.164024 -0.299798 -0.192548 -0.090204 0.243726 -0.15633 0.194388 0.148089 -0.007994 0.18857 -0.017597 -0.042239 0.062241 0.182176 0.012792 0.250123 -0.003526 1.4E-5 0.233919 -0.276923 0.286247 0.200553 -0.29323 -0.270722 0.100669 0.231107 -0.187054 0.070864 0.19231 0.059627 
0.262368 0.174501 -0.149928 0.00841 0.282331 -0.060992 -0.307601 -0.197438 -0.040714 0.020836 -0.171074 -0.200065 0.13407 -0.29883 -0.170372 0.188005 0.17713 -0.012745 -0.299177 -0.272028 0.094573 0.192562 0.307262 0.150982 0.024836 0.107385 -0.045542 -0.148989 -0.151879 -0.018456 
-0.222563 0.203152 -0.226942 -0.062867 -0.005849 -0.258368 -0.292577 0.119582 -0.034071 -0.095571 0.220442 0.259223 -0.17815 0.274572 -0.007108 -0.256923 0.137676 0.259121 -0.006466 0.013861 0.192285 -0.281406 -0.213094 -0.14782 0.126836 -0.198199 -0.01151 0.20768 0.060411 0.125456 
0.187 0.21161 -0.208876 -0.243371 -0.006168 -0.211226 -0.189981 -0.181646 -0.111144 0.251962 -0.175188 0.275348 -0.21958 0.132197 0.071203 -0.136672 0.231712 0.063057 -0.190591 -0.231454 -0.026517 -0.05782 -0.226009 -0.044288 0.095577 -0.075234 -0.217747 0.277021 -0.27405 0.114724 
0.029651 -0.32136 0.285577 -0.201126 -0.125493 0.341842 0.115313 -0.101702 0.00658 0.29072 -0.211948 -0.047272 -0.157233 -0.008809 0.138527 -0.12732 0.302304 0.090993 0.370169 0.246028 -0.052282 0.020783 -0.098667 0.037019 -0.248904 -0.030371 0.069217 0.178054 -0.057798 0.107127 
0.307011 -0.062015 0.049322 -0.233093 0.247556 0.282259 0.143391 0.077734 0.006666 0.031037 -0.203768 -0.240642 -0.112141 0.048592 -0.064656 0.111217 -0.102621 0.222425 0.131617 0.1965 0.201306 -0.051485 -0.186806 0.273968 -0.230187 0.298041 -0.169437 -0.09661 -0.115891 -0.288609 
-0.297573 -0.169398 0.035173 -0.222985 -0.092239 0.053055 0.104226 0.197684 0.224068 0.086399 -0.192117 -0.170671 -0.053496 -0.185331 -0.093516 -0.256391 0.140204 0.215505 3.33E-4 0.156918 -0.293838 0.110656 -0.007275 -0.058027 0.352072 -0.242386 -0.081395 0.059306 -0.238803 -0.304182 
-0.037255 0.195025 -0.230757 -0.169014 -0.252694 -0.286115 -0.031896 -0.272242 0.191622 0.056574 -0.041792 -0.059326 0.005107 -0.026746 0.317157 0.143784 -0.196404 0.049864 -0.018791 -0.227565 -0.238416 0.083175 -0.104319 0.313953 -0.21375 0.231067 0.053936 -0.254925 -0.208782 -0.117249 

Sum of Mean abs error is:        0.9990455709438679
Sum of Kappa abs error is:       8.672697977363129
Sum of Initial Pi abs error is:  0.03273585714283832
Sum of Trans Prob abs error is:  1.5076487172252908
Length of the HMM is: 2
Number of latent states is: 10
Dimension of VMF is: 30
Number of sequences is: 3500
info_option: 31
The ground truth Kappa, Pi, A and Mean is: 
100.0 100.0 100.0 100.0 100.0 100.0 100.0 100.0 100.0 100.0 
0.130595 0.145193 0.020355 0.146408 0.101363 0.015635 0.044641 0.087662 0.153482 0.154665 
0.035693 0.148497 0.159889 0.099357 0.062508 0.17013 0.190386 0.079636 0.017178 0.036727 
0.226359 0.008329 0.007424 0.088986 0.158519 0.059493 0.059303 0.193764 0.012582 0.185241 
0.153114 0.135831 0.044298 0.122456 0.104793 0.080936 0.130257 0.093622 0.084909 0.049784 
0.092924 0.17881 0.008839 0.152239 0.031132 0.133836 0.046622 0.105243 0.149169 0.101186 
0.139933 0.11868 0.016984 0.032676 0.020807 0.155779 0.162486 0.160376 0.163316 0.028964 
0.028162 0.150399 0.163442 0.09721 0.098917 0.190403 0.069466 0.056734 0.025784 0.119483 
0.075343 0.132753 0.124124 0.079599 0.171448 0.097754 0.03512 0.135266 0.101615 0.046977 
0.187702 0.080396 0.064997 0.132477 0.06977 0.028414 0.051466 0.154495 0.096213 0.134069 
0.143012 0.118329 0.171538 0.128057 0.105655 0.026951 0.111211 0.068679 0.002149 0.12442 
0.211925 0.03781 0.007608 0.166689 0.049434 0.056876 0.104536 0.125416 0.074461 0.165245 
-0.028845 -0.229403 -0.04 0.205891 -0.04825 0.163445 -0.154678 0.027416 0.250421 0.084167 -0.170447 -0.110167 0.055344 -0.24173 0.270077 -0.269594 -0.22934 -0.273792 -0.184922 -0.256834 0.093083 -0.190482 -0.121317 0.263394 -0.115793 -0.272591 0.084428 -0.144749 0.236962 -0.044974 
-0.279898 0.310646 0.276178 0.082087 -0.302876 -0.074155 -0.098757 -0.136983 0.185428 -0.08164 -0.13367 0.284741 -0.159923 -0.159741 0.031479 0.259042 0.103408 0.16415 -0.174907 0.122384 0.012506 -0.073349 -0.045967 0.282691 0.135247 0.041159 -0.083212 -0.140937 0.255333 -0.272898 
-0.164024 -0.299798 -0.192548 -0.090204 0.243726 -0.15633 0.194388 0.148089 -0.007994 0.18857 -0.017597 -0.042239 0.062241 0.182176 0.012792 0.250123 -0.003526 1.4E-5 0.233919 -0.276923 0.286247 0.200553 -0.29323 -0.270722 0.100669 0.231107 -0.187054 0.070864 0.19231 0.059627 
0.262368 0.174501 -0.149928 0.00841 0.282331 -0.060992 -0.307601 -0.197438 -0.040714 0.020836 -0.171074 -0.200065 0.13407 -0.29883 -0.170372 0.188005 0.17713 -0.012745 -0.299177 -0.272028 0.094573 0.192562 0.307262 0.150982 0.024836 0.107385 -0.045542 -0.148989 -0.151879 -0.018456 
-0.222563 0.203152 -0.226942 -0.062867 -0.005849 -0.258368 -0.292577 0.119582 -0.034071 -0.095571 0.220442 0.259223 -0.17815 0.274572 -0.007108 -0.256923 0.137676 0.259121 -0.006466 0.013861 0.192285 -0.281406 -0.213094 -0.14782 0.126836 -0.198199 -0.01151 0.20768 0.060411 0.125456 
0.187 0.21161 -0.208876 -0.243371 -0.006168 -0.211226 -0.189981 -0.181646 -0.111144 0.251962 -0.175188 0.275348 -0.21958 0.132197 0.071203 -0.136672 0.231712 0.063057 -0.190591 -0.231454 -0.026517 -0.05782 -0.226009 -0.044288 0.095577 -0.075234 -0.217747 0.277021 -0.27405 0.114724 
0.029651 -0.32136 0.285577 -0.201126 -0.125493 0.341842 0.115313 -0.101702 0.00658 0.29072 -0.211948 -0.047272 -0.157233 -0.008809 0.138527 -0.12732 0.302304 0.090993 0.370169 0.246028 -0.052282 0.020783 -0.098667 0.037019 -0.248904 -0.030371 0.069217 0.178054 -0.057798 0.107127 
0.307011 -0.062015 0.049322 -0.233093 0.247556 0.282259 0.143391 0.077734 0.006666 0.031037 -0.203768 -0.240642 -0.112141 0.048592 -0.064656 0.111217 -0.102621 0.222425 0.131617 0.1965 0.201306 -0.051485 -0.186806 0.273968 -0.230187 0.298041 -0.169437 -0.09661 -0.115891 -0.288609 
-0.297573 -0.169398 0.035173 -0.222985 -0.092239 0.053055 0.104226 0.197684 0.224068 0.086399 -0.192117 -0.170671 -0.053496 -0.185331 -0.093516 -0.256391 0.140204 0.215505 3.33E-4 0.156918 -0.293838 0.110656 -0.007275 -0.058027 0.352072 -0.242386 -0.081395 0.059306 -0.238803 -0.304182 
-0.037255 0.195025 -0.230757 -0.169014 -0.252694 -0.286115 -0.031896 -0.272242 0.191622 0.056574 -0.041792 -0.059326 0.005107 -0.026746 0.317157 0.143784 -0.196404 0.049864 -0.018791 -0.227565 -0.238416 0.083175 -0.104319 0.313953 -0.21375 0.231067 0.053936 -0.254925 -0.208782 -0.117249 

Sum of Mean abs error is:        0.999045570943854
Sum of Kappa abs error is:       8.869577099591638
Sum of Initial Pi abs error is:  0.032735857142836645
Sum of Trans Prob abs error is:  1.5076487172252566
Length of the HMM is: 2
Number of latent states is: 10
Dimension of VMF is: 30
Number of sequences is: 3500
timeThre: 300.0   distThre: 3.5
info_option: 30
The ground truth Kappa, Pi, A and Mean is: 
100.0 100.0 100.0 100.0 100.0 100.0 100.0 100.0 100.0 100.0 
0.130595 0.145193 0.020355 0.146408 0.101363 0.015635 0.044641 0.087662 0.153482 0.154665 
0.035693 0.148497 0.159889 0.099357 0.062508 0.17013 0.190386 0.079636 0.017178 0.036727 
0.226359 0.008329 0.007424 0.088986 0.158519 0.059493 0.059303 0.193764 0.012582 0.185241 
0.153114 0.135831 0.044298 0.122456 0.104793 0.080936 0.130257 0.093622 0.084909 0.049784 
0.092924 0.17881 0.008839 0.152239 0.031132 0.133836 0.046622 0.105243 0.149169 0.101186 
0.139933 0.11868 0.016984 0.032676 0.020807 0.155779 0.162486 0.160376 0.163316 0.028964 
0.028162 0.150399 0.163442 0.09721 0.098917 0.190403 0.069466 0.056734 0.025784 0.119483 
0.075343 0.132753 0.124124 0.079599 0.171448 0.097754 0.03512 0.135266 0.101615 0.046977 
0.187702 0.080396 0.064997 0.132477 0.06977 0.028414 0.051466 0.154495 0.096213 0.134069 
0.143012 0.118329 0.171538 0.128057 0.105655 0.026951 0.111211 0.068679 0.002149 0.12442 
0.211925 0.03781 0.007608 0.166689 0.049434 0.056876 0.104536 0.125416 0.074461 0.165245 
-0.028845 -0.229403 -0.04 0.205891 -0.04825 0.163445 -0.154678 0.027416 0.250421 0.084167 -0.170447 -0.110167 0.055344 -0.24173 0.270077 -0.269594 -0.22934 -0.273792 -0.184922 -0.256834 0.093083 -0.190482 -0.121317 0.263394 -0.115793 -0.272591 0.084428 -0.144749 0.236962 -0.044974 
-0.279898 0.310646 0.276178 0.082087 -0.302876 -0.074155 -0.098757 -0.136983 0.185428 -0.08164 -0.13367 0.284741 -0.159923 -0.159741 0.031479 0.259042 0.103408 0.16415 -0.174907 0.122384 0.012506 -0.073349 -0.045967 0.282691 0.135247 0.041159 -0.083212 -0.140937 0.255333 -0.272898 
-0.164024 -0.299798 -0.192548 -0.090204 0.243726 -0.15633 0.194388 0.148089 -0.007994 0.18857 -0.017597 -0.042239 0.062241 0.182176 0.012792 0.250123 -0.003526 1.4E-5 0.233919 -0.276923 0.286247 0.200553 -0.29323 -0.270722 0.100669 0.231107 -0.187054 0.070864 0.19231 0.059627 
0.262368 0.174501 -0.149928 0.00841 0.282331 -0.060992 -0.307601 -0.197438 -0.040714 0.020836 -0.171074 -0.200065 0.13407 -0.29883 -0.170372 0.188005 0.17713 -0.012745 -0.299177 -0.272028 0.094573 0.192562 0.307262 0.150982 0.024836 0.107385 -0.045542 -0.148989 -0.151879 -0.018456 
-0.222563 0.203152 -0.226942 -0.062867 -0.005849 -0.258368 -0.292577 0.119582 -0.034071 -0.095571 0.220442 0.259223 -0.17815 0.274572 -0.007108 -0.256923 0.137676 0.259121 -0.006466 0.013861 0.192285 -0.281406 -0.213094 -0.14782 0.126836 -0.198199 -0.01151 0.20768 0.060411 0.125456 
0.187 0.21161 -0.208876 -0.243371 -0.006168 -0.211226 -0.189981 -0.181646 -0.111144 0.251962 -0.175188 0.275348 -0.21958 0.132197 0.071203 -0.136672 0.231712 0.063057 -0.190591 -0.231454 -0.026517 -0.05782 -0.226009 -0.044288 0.095577 -0.075234 -0.217747 0.277021 -0.27405 0.114724 
0.029651 -0.32136 0.285577 -0.201126 -0.125493 0.341842 0.115313 -0.101702 0.00658 0.29072 -0.211948 -0.047272 -0.157233 -0.008809 0.138527 -0.12732 0.302304 0.090993 0.370169 0.246028 -0.052282 0.020783 -0.098667 0.037019 -0.248904 -0.030371 0.069217 0.178054 -0.057798 0.107127 
0.307011 -0.062015 0.049322 -0.233093 0.247556 0.282259 0.143391 0.077734 0.006666 0.031037 -0.203768 -0.240642 -0.112141 0.048592 -0.064656 0.111217 -0.102621 0.222425 0.131617 0.1965 0.201306 -0.051485 -0.186806 0.273968 -0.230187 0.298041 -0.169437 -0.09661 -0.115891 -0.288609 
-0.297573 -0.169398 0.035173 -0.222985 -0.092239 0.053055 0.104226 0.197684 0.224068 0.086399 -0.192117 -0.170671 -0.053496 -0.185331 -0.093516 -0.256391 0.140204 0.215505 3.33E-4 0.156918 -0.293838 0.110656 -0.007275 -0.058027 0.352072 -0.242386 -0.081395 0.059306 -0.238803 -0.304182 
-0.037255 0.195025 -0.230757 -0.169014 -0.252694 -0.286115 -0.031896 -0.272242 0.191622 0.056574 -0.041792 -0.059326 0.005107 -0.026746 0.317157 0.143784 -0.196404 0.049864 -0.018791 -0.227565 -0.238416 0.083175 -0.104319 0.313953 -0.21375 0.231067 0.053936 -0.254925 -0.208782 -0.117249 

Sum of Mean abs error is:        0.9990455709438675
Sum of Kappa abs error is:       8.672697977363015
Sum of Initial Pi abs error is:  0.03273585714283832
Sum of Trans Prob abs error is:  1.5076487172252913
Length of the HMM is: 2
Number of latent states is: 10
Dimension of VMF is: 30
Number of sequences is: 3500
info_option: 31
The ground truth Kappa, Pi, A and Mean is: 
100.0 100.0 100.0 100.0 100.0 100.0 100.0 100.0 100.0 100.0 
0.130595 0.145193 0.020355 0.146408 0.101363 0.015635 0.044641 0.087662 0.153482 0.154665 
0.035693 0.148497 0.159889 0.099357 0.062508 0.17013 0.190386 0.079636 0.017178 0.036727 
0.226359 0.008329 0.007424 0.088986 0.158519 0.059493 0.059303 0.193764 0.012582 0.185241 
0.153114 0.135831 0.044298 0.122456 0.104793 0.080936 0.130257 0.093622 0.084909 0.049784 
0.092924 0.17881 0.008839 0.152239 0.031132 0.133836 0.046622 0.105243 0.149169 0.101186 
0.139933 0.11868 0.016984 0.032676 0.020807 0.155779 0.162486 0.160376 0.163316 0.028964 
0.028162 0.150399 0.163442 0.09721 0.098917 0.190403 0.069466 0.056734 0.025784 0.119483 
0.075343 0.132753 0.124124 0.079599 0.171448 0.097754 0.03512 0.135266 0.101615 0.046977 
0.187702 0.080396 0.064997 0.132477 0.06977 0.028414 0.051466 0.154495 0.096213 0.134069 
0.143012 0.118329 0.171538 0.128057 0.105655 0.026951 0.111211 0.068679 0.002149 0.12442 
0.211925 0.03781 0.007608 0.166689 0.049434 0.056876 0.104536 0.125416 0.074461 0.165245 
-0.028845 -0.229403 -0.04 0.205891 -0.04825 0.163445 -0.154678 0.027416 0.250421 0.084167 -0.170447 -0.110167 0.055344 -0.24173 0.270077 -0.269594 -0.22934 -0.273792 -0.184922 -0.256834 0.093083 -0.190482 -0.121317 0.263394 -0.115793 -0.272591 0.084428 -0.144749 0.236962 -0.044974 
-0.279898 0.310646 0.276178 0.082087 -0.302876 -0.074155 -0.098757 -0.136983 0.185428 -0.08164 -0.13367 0.284741 -0.159923 -0.159741 0.031479 0.259042 0.103408 0.16415 -0.174907 0.122384 0.012506 -0.073349 -0.045967 0.282691 0.135247 0.041159 -0.083212 -0.140937 0.255333 -0.272898 
-0.164024 -0.299798 -0.192548 -0.090204 0.243726 -0.15633 0.194388 0.148089 -0.007994 0.18857 -0.017597 -0.042239 0.062241 0.182176 0.012792 0.250123 -0.003526 1.4E-5 0.233919 -0.276923 0.286247 0.200553 -0.29323 -0.270722 0.100669 0.231107 -0.187054 0.070864 0.19231 0.059627 
0.262368 0.174501 -0.149928 0.00841 0.282331 -0.060992 -0.307601 -0.197438 -0.040714 0.020836 -0.171074 -0.200065 0.13407 -0.29883 -0.170372 0.188005 0.17713 -0.012745 -0.299177 -0.272028 0.094573 0.192562 0.307262 0.150982 0.024836 0.107385 -0.045542 -0.148989 -0.151879 -0.018456 
-0.222563 0.203152 -0.226942 -0.062867 -0.005849 -0.258368 -0.292577 0.119582 -0.034071 -0.095571 0.220442 0.259223 -0.17815 0.274572 -0.007108 -0.256923 0.137676 0.259121 -0.006466 0.013861 0.192285 -0.281406 -0.213094 -0.14782 0.126836 -0.198199 -0.01151 0.20768 0.060411 0.125456 
0.187 0.21161 -0.208876 -0.243371 -0.006168 -0.211226 -0.189981 -0.181646 -0.111144 0.251962 -0.175188 0.275348 -0.21958 0.132197 0.071203 -0.136672 0.231712 0.063057 -0.190591 -0.231454 -0.026517 -0.05782 -0.226009 -0.044288 0.095577 -0.075234 -0.217747 0.277021 -0.27405 0.114724 
0.029651 -0.32136 0.285577 -0.201126 -0.125493 0.341842 0.115313 -0.101702 0.00658 0.29072 -0.211948 -0.047272 -0.157233 -0.008809 0.138527 -0.12732 0.302304 0.090993 0.370169 0.246028 -0.052282 0.020783 -0.098667 0.037019 -0.248904 -0.030371 0.069217 0.178054 -0.057798 0.107127 
0.307011 -0.062015 0.049322 -0.233093 0.247556 0.282259 0.143391 0.077734 0.006666 0.031037 -0.203768 -0.240642 -0.112141 0.048592 -0.064656 0.111217 -0.102621 0.222425 0.131617 0.1965 0.201306 -0.051485 -0.186806 0.273968 -0.230187 0.298041 -0.169437 -0.09661 -0.115891 -0.288609 
-0.297573 -0.169398 0.035173 -0.222985 -0.092239 0.053055 0.104226 0.197684 0.224068 0.086399 -0.192117 -0.170671 -0.053496 -0.185331 -0.093516 -0.256391 0.140204 0.215505 3.33E-4 0.156918 -0.293838 0.110656 -0.007275 -0.058027 0.352072 -0.242386 -0.081395 0.059306 -0.238803 -0.304182 
-0.037255 0.195025 -0.230757 -0.169014 -0.252694 -0.286115 -0.031896 -0.272242 0.191622 0.056574 -0.041792 -0.059326 0.005107 -0.026746 0.317157 0.143784 -0.196404 0.049864 -0.018791 -0.227565 -0.238416 0.083175 -0.104319 0.313953 -0.21375 0.231067 0.053936 -0.254925 -0.208782 -0.117249 

Sum of Mean abs error is:        0.9990455709438538
Sum of Kappa abs error is:       8.869577099591993
Sum of Initial Pi abs error is:  0.032735857142836645
Sum of Trans Prob abs error is:  1.5076487172252568
Length of the HMM is: 2
Number of latent states is: 10
Dimension of VMF is: 30
Number of sequences is: 3500